16372.00
19022.00
19128.00
16302.00
13880.00
16282.00
15750.00
22240.00
20798.00
19910.00
14022.00
14220.00
14704.00
14226.00
13882.00
17900.00
17770.00
16758.00
13088.00
7624.00
13182.00
13796.00
17776.00
16896.00
13562.00
9996.00
10296.00
8880.00
13208.00
15922.00
15744.00
11460.00
12676.00
10620.00
11634.00
18578.00
16370.00
14516.00
13282.00
12454.00
10618.00
9444.00
17904.00
16108.00
17300.00
12346.00
15204.00
12280.00
17228.00
16244.00
16766.00
18438.00
11858.00
11446.00
11484.00
20430.00
25707.00
18694.00
14478.00
11404.00
12206.00
14608.00
12496.00
15322.00
17292.00
18638.00
15514.00
14900.00
10210.00
12162.00
22212.00
17486.00
19922.00
13996.00
9472.00
13746.00
11874.00
12644.00
7722.00
19380.00
26268.00
16162.00
18434.00
13134.00
14754.00
18538.00
15440.00
14280.00
16312.00
18326.00
14178.00
16634.00
17790.00
16656.00
11718.00
11364.00
8316.00
10936.00
11408.00
15216.00
12968.00
8714.00
16954.00
4192.00
10130.00
11654.00
17648.00
13500.00
13976.00
9942.00
11576.00
9908.00
8446.00
10668.00
14962.00
9472.00
7328.00
19178.00
8866.00
9148.00
13322.00
14012.00
10724.00
11830.00
2736.00
27842.00
30122.00
20884.00
19738.00
19474.00
20624.00
13838.00
15516.00
14954.00
14504.00
20046.00
17488.00
16676.00
12694.00
8788.00